// 第一行
// 不显示
00  00  00  00  00  00  00  00  00  00  00  00  00  00  00  00  
00  00  00  00  00  00  00  00  00  00  00  00  00  00  00  00 
// 选
00  00  02  04  42  08  33  f0  00  08  0a  14  72  24  12  44  
13  84  fe  04  13  e4  12  14  12  14  02  34  00  00  00  00 
// 择
00  00  10  84  10  84  ff  fc  11  00  10  10  42  10  62  90  
54  90  49  fc  54  90  64  90  42  10  02  10  00  00  00  00  
// 电
00  00  00  00  1f  e0  12  40  12  40  12  40  12  40  ff  f8  
12  44  12  44  12  44  12  44  1f  c4  00  1c  00  00  00  00 
// 机
00  00  10  80  13  00  ff  fc  12  00  11  04  00  18  7f  e0  
40  00  40  00  40  00  7f  f8  00  04  00  1c  00  00  00  00
// : 1
00  00  00  00  01  01  00  00  00  00  00  00  00  00  00  00  
00  00  00  00  08  04  08  04  1f  fc  00  04  00  04  00  00 
// 不显示
00  00  00  00  00  00  00  00  00  00  00  00  00  00  00  00  
00  00  00  00  00  00  00  00  00  00  00  00  00  00  00  00 

00  00  00  00  00  00  00  00  00  00  00  00  00  00  00  00  
00  00  00  00  00  00  00  00  00  00  00  00  00  00  00  00 

// 第二行
// 不显示
00  00  00  00  00  00  00  00  00  00  00  00  00  00  00  00  
00  00  00  00  00  00  00  00  00  00  00  00  00  00  00  00 
// 位
00  00  02  00  04  00  1f  fc  e0  00  00  04  13  04  10  e4  
90  04  70  0c  10  74  17  84  10  04  00  04  00  00  00  00  

// 移
00  00  24  20  24  c0  3f  fc  45  00  44  80  09  24  11  24  
2a  48  e4  a8  29  90  32  a0  00  c0  00  80  00  00  00  00  

// 量
00  00  04  04  04  14  f7  d4  95  54  95  54  d5  54  b7  fc  
95  54  95  54  95  54  f7  d4  04  14  04  04  00  00  00  00  

// : 0
00  00  00  00  01  01  00  00  00  00  00  00  00  00  00  00 
00  00  07  f0  08  08  10  04  10  04  08  08  07  f0  00  00

// .00
01  00  07  f0  08  08  10  04  10  04  08  08  07  f0  00  00
00  00  07  f0  08  08  10  04  10  04  08  08  07  f0  00  00

// 不显示
00  00  00  00  00  00  00  00  00  00  00  00  00  00  00  00  
00  00  00  00  00  00  00  00  00  00  00  00  00  00  00  00 

00  00  00  00  00  00  00  00  00  00  00  00  00  00  00  00  
00  00  00  00  00  00  00  00  00  00  00  00  00  00  00  00 

// 第三行
// 不显示
00  00  00  00  00  00  00  00  00  00  00  00  00  00  00  00  
00  00  00  00  00  00  00  00  00  00  00  00  00  00  00  00 
// 单
00  08  00  08  1F  C8  92  48  52  48  32  48  12  48  1F  FF
12  48  32  48  52  48  92  48  1F  C8  00  08  00  08  00  00
// 位
00  80  01  00  06  00  1F  FF  E0  02  08  02  09  82  08  7A
88  02  68  02  08  0E  08  72  0B  82  08  02  00  02  00  00
// :m
00  00  01  01  00  00  00  00  03  fc  01  00  02  00  02  00
02  00  01  fc  01  00  02  00  02  00  02  00  01  fc  00  00
// m
00  00  00  00  00  00  00  00  03  fc  01  00  02  00  02  00
02  00  01  fc  01  00  02  00  02  00  02  00  01  fc  00  00
// 不显示
00  00  00  00  00  00  00  00  00  00  00  00  00  00  00  00  
00  00  00  00  00  00  00  00  00  00  00  00  00  00  00  00 

00  00  00  00  00  00  00  00  00  00  00  00  00  00  00  00  
00  00  00  00  00  00  00  00  00  00  00  00  00  00  00  00 

00  00  00  00  00  00  00  00  00  00  00  00  00  00  00  00  
00  00  00  00  00  00  00  00  00  00  00  00  00  00  00  00 

// 第四行
// 不显示
00  00  00  00  00  00  00  00  00  00  00  00  00  00  00  00  
00  00  00  00  00  00  00  00  00  00  00  00  00  00  00  00 

00  00  00  00  00  00  00  00  00  00  00  00  00  00  00  00  
00  00  00  00  00  00  00  00  00  00  00  00  00  00  00  00 

00  00  00  00  00  00  00  00  00  00  00  00  00  00  00  00  
00  00  00  00  00  00  00  00  00  00  00  00  00  00  00  00 

00  00  00  00  00  00  00  00  00  00  00  00  00  00  00  00  
00  00  00  00  00  00  00  00  00  00  00  00  00  00  00  00 

00  00  00  00  00  00  00  00  00  00  00  00  00  00  00  00  
00  00  00  00  00  00  00  00  00  00  00  00  00  00  00  00 

00  00  00  00  00  00  00  00  00  00  00  00  00  00  00  00  
00  00  00  00  00  00  00  00  00  00  00  00  00  00  00  00 

00  00  00  00  00  00  00  00  00  00  00  00  00  00  00  00  
00  00  00  00  00  00  00  00  00  00  00  00  00  00  00  00 

00  00  00  00  00  00  00  00  00  00  00  00  00  00  00  00  
00  00  00  00  00  00  00  00  00  00  00  00  00  00  00  00 
