//0030(0)
00  00  0f  e0  30  18  20  08  20  08  30  10  0f  e0  00  00  

//0031(1)
00  00  08  08  10  08  20  08  3f  f8  00  08  00  08  00  00  

//0032(2)
00  00  18  18  30  28  20  48  20  88  31  08  1e  08  00  00  

//0033(3)
00  00  18  30  30  18  21  08  21  08  32  98  1e  f0  00  00  

//0034(4)
00  60  00  a0  03  20  0c  20  10  20  3f  f8  00  20  00  00  

//0035(5)
00  00  3f  30  22  18  22  08  22  08  23  18  01  f0  00  00  

//0036(6)
00  00  0f  e0  13  10  22  08  22  08  23  18  11  f0  00  00  

//0037(7)
00  00  20  00  20  00  20  78  23  80  2c  00  30  00  00  00  

//0038(8)
00  00  1c  f0  32  98  21  08  21  08  22  98  1e  f0  00  00  

//0039(9)
00  00  1f  10  31  88  20  88  20  88  31  10  0f  e0  00  00  
